2023/06/21-13:56:02.241517 7f473b8bfa00 RocksDB version: 6.20.3
2023/06/21-13:56:02.242453 7f473b8bfa00 Git sha 01028f411f86e930a5436f757837da08a3f48f1a
2023/06/21-13:56:02.242456 7f473b8bfa00 Compile date 2021-07-31 16:27:06
2023/06/21-13:56:02.242499 7f473b8bfa00 DB SUMMARY
2023/06/21-13:56:02.242500 7f473b8bfa00 DB Session ID:  GRG7RKQLE6L7YBZ68N3F
2023/06/21-13:56:02.247289 7f473b8bfa00 CURRENT file:  CURRENT
2023/06/21-13:56:02.247294 7f473b8bfa00 IDENTITY file:  IDENTITY
2023/06/21-13:56:02.248752 7f473b8bfa00 MANIFEST file:  MANIFEST-000009 size: 59 Bytes
2023/06/21-13:56:02.248758 7f473b8bfa00 SST files in .//meta dir, Total Num: 0, files: 
2023/06/21-13:56:02.249180 7f473b8bfa00 Write Ahead Log file in .//meta: 000010.log size: 0 ; 
2023/06/21-13:56:02.249185 7f473b8bfa00                         Options.error_if_exists: 0
2023/06/21-13:56:02.249186 7f473b8bfa00                       Options.create_if_missing: 1
2023/06/21-13:56:02.249187 7f473b8bfa00                         Options.paranoid_checks: 1
2023/06/21-13:56:02.249187 7f473b8bfa00                               Options.track_and_verify_wals_in_manifest: 0
2023/06/21-13:56:02.249850 7f473b8bfa00                                     Options.env: 0x4600540
2023/06/21-13:56:02.249853 7f473b8bfa00                                      Options.fs: Posix File System
2023/06/21-13:56:02.249854 7f473b8bfa00                                Options.info_log: 0x7f473affe980
2023/06/21-13:56:02.249855 7f473b8bfa00                Options.max_file_opening_threads: 16
2023/06/21-13:56:02.249856 7f473b8bfa00                              Options.statistics: (nil)
2023/06/21-13:56:02.250269 7f473b8bfa00                               Options.use_fsync: 0
2023/06/21-13:56:02.250271 7f473b8bfa00                       Options.max_log_file_size: 4194304
2023/06/21-13:56:02.250272 7f473b8bfa00                  Options.max_manifest_file_size: 1073741824
2023/06/21-13:56:02.250273 7f473b8bfa00                   Options.log_file_time_to_roll: 0
2023/06/21-13:56:02.250273 7f473b8bfa00                       Options.keep_log_file_num: 5
2023/06/21-13:56:02.250274 7f473b8bfa00                    Options.recycle_log_file_num: 0
2023/06/21-13:56:02.250661 7f473b8bfa00                         Options.allow_fallocate: 1
2023/06/21-13:56:02.250663 7f473b8bfa00                        Options.allow_mmap_reads: 0
2023/06/21-13:56:02.250664 7f473b8bfa00                       Options.allow_mmap_writes: 0
2023/06/21-13:56:02.250665 7f473b8bfa00                        Options.use_direct_reads: 0
2023/06/21-13:56:02.250665 7f473b8bfa00                        Options.use_direct_io_for_flush_and_compaction: 0
2023/06/21-13:56:02.251019 7f473b8bfa00          Options.create_missing_column_families: 0
2023/06/21-13:56:02.251021 7f473b8bfa00                              Options.db_log_dir: 
2023/06/21-13:56:02.251022 7f473b8bfa00                                 Options.wal_dir: .//meta
2023/06/21-13:56:02.251023 7f473b8bfa00                Options.table_cache_numshardbits: 6
2023/06/21-13:56:02.251024 7f473b8bfa00                         Options.WAL_ttl_seconds: 86400
2023/06/21-13:56:02.251398 7f473b8bfa00                       Options.WAL_size_limit_MB: 1024
2023/06/21-13:56:02.251400 7f473b8bfa00                        Options.max_write_batch_group_size_bytes: 1048576
2023/06/21-13:56:02.251401 7f473b8bfa00             Options.manifest_preallocation_size: 4194304
2023/06/21-13:56:02.251402 7f473b8bfa00                     Options.is_fd_close_on_exec: 1
2023/06/21-13:56:02.251403 7f473b8bfa00                   Options.advise_random_on_open: 1
2023/06/21-13:56:02.251403 7f473b8bfa00                    Options.db_write_buffer_size: 0
2023/06/21-13:56:02.251769 7f473b8bfa00                    Options.write_buffer_manager: 0x7f473a25c2b0
2023/06/21-13:56:02.251772 7f473b8bfa00         Options.access_hint_on_compaction_start: 1
2023/06/21-13:56:02.251773 7f473b8bfa00  Options.new_table_reader_for_compaction_inputs: 0
2023/06/21-13:56:02.251774 7f473b8bfa00           Options.random_access_max_buffer_size: 1048576
2023/06/21-13:56:02.251774 7f473b8bfa00                      Options.use_adaptive_mutex: 0
2023/06/21-13:56:02.252230 7f473b8bfa00                            Options.rate_limiter: (nil)
2023/06/21-13:56:02.252232 7f473b8bfa00     Options.sst_file_manager.rate_bytes_per_sec: 0
2023/06/21-13:56:02.252233 7f473b8bfa00                       Options.wal_recovery_mode: 2
2023/06/21-13:56:02.252234 7f473b8bfa00                  Options.enable_thread_tracking: 0
2023/06/21-13:56:02.252235 7f473b8bfa00                  Options.enable_pipelined_write: 0
2023/06/21-13:56:02.252236 7f473b8bfa00                  Options.unordered_write: 0
2023/06/21-13:56:02.252611 7f473b8bfa00         Options.allow_concurrent_memtable_write: 1
2023/06/21-13:56:02.252613 7f473b8bfa00      Options.enable_write_thread_adaptive_yield: 1
2023/06/21-13:56:02.252614 7f473b8bfa00             Options.write_thread_max_yield_usec: 100
2023/06/21-13:56:02.252615 7f473b8bfa00            Options.write_thread_slow_yield_usec: 3
2023/06/21-13:56:02.252618 7f473b8bfa00                               Options.row_cache: None
2023/06/21-13:56:02.253017 7f473b8bfa00                              Options.wal_filter: None
2023/06/21-13:56:02.253019 7f473b8bfa00             Options.avoid_flush_during_recovery: 0
2023/06/21-13:56:02.253020 7f473b8bfa00             Options.allow_ingest_behind: 0
2023/06/21-13:56:02.253021 7f473b8bfa00             Options.preserve_deletes: 0
2023/06/21-13:56:02.253022 7f473b8bfa00             Options.two_write_queues: 0
2023/06/21-13:56:02.253022 7f473b8bfa00             Options.manual_wal_flush: 0
2023/06/21-13:56:02.253392 7f473b8bfa00             Options.atomic_flush: 0
2023/06/21-13:56:02.253394 7f473b8bfa00             Options.avoid_unnecessary_blocking_io: 0
2023/06/21-13:56:02.253395 7f473b8bfa00                 Options.persist_stats_to_disk: 0
2023/06/21-13:56:02.253396 7f473b8bfa00                 Options.write_dbid_to_manifest: 0
2023/06/21-13:56:02.253397 7f473b8bfa00                 Options.log_readahead_size: 0
2023/06/21-13:56:02.253399 7f473b8bfa00                 Options.file_checksum_gen_factory: Unknown
2023/06/21-13:56:02.253742 7f473b8bfa00                 Options.best_efforts_recovery: 0
2023/06/21-13:56:02.253744 7f473b8bfa00                Options.max_bgerror_resume_count: 2147483647
2023/06/21-13:56:02.253745 7f473b8bfa00            Options.bgerror_resume_retry_interval: 1000000
2023/06/21-13:56:02.253746 7f473b8bfa00             Options.allow_data_in_errors: 0
2023/06/21-13:56:02.253747 7f473b8bfa00             Options.db_host_id: __hostname__
2023/06/21-13:56:02.253748 7f473b8bfa00             Options.max_background_jobs: 16
2023/06/21-13:56:02.254117 7f473b8bfa00             Options.max_background_compactions: -1
2023/06/21-13:56:02.254119 7f473b8bfa00             Options.max_subcompactions: 1
2023/06/21-13:56:02.254119 7f473b8bfa00             Options.avoid_flush_during_shutdown: 0
2023/06/21-13:56:02.254120 7f473b8bfa00           Options.writable_file_max_buffer_size: 1048576
2023/06/21-13:56:02.254121 7f473b8bfa00             Options.delayed_write_rate : 16777216
2023/06/21-13:56:02.254122 7f473b8bfa00             Options.max_total_wal_size: 0
2023/06/21-13:56:02.254504 7f473b8bfa00             Options.delete_obsolete_files_period_micros: 21600000000
2023/06/21-13:56:02.254506 7f473b8bfa00                   Options.stats_dump_period_sec: 600
2023/06/21-13:56:02.254507 7f473b8bfa00                 Options.stats_persist_period_sec: 600
2023/06/21-13:56:02.254508 7f473b8bfa00                 Options.stats_history_buffer_size: 1048576
2023/06/21-13:56:02.254509 7f473b8bfa00                          Options.max_open_files: -1
2023/06/21-13:56:02.254877 7f473b8bfa00                          Options.bytes_per_sync: 0
2023/06/21-13:56:02.254879 7f473b8bfa00                      Options.wal_bytes_per_sync: 0
2023/06/21-13:56:02.254880 7f473b8bfa00                   Options.strict_bytes_per_sync: 0
2023/06/21-13:56:02.254880 7f473b8bfa00       Options.compaction_readahead_size: 0
2023/06/21-13:56:02.254881 7f473b8bfa00                  Options.max_background_flushes: -1
2023/06/21-13:56:02.254882 7f473b8bfa00 Compression algorithms supported:
2023/06/21-13:56:02.255247 7f473b8bfa00 	kZSTDNotFinalCompression supported: 0
2023/06/21-13:56:02.255249 7f473b8bfa00 	kZSTD supported: 0
2023/06/21-13:56:02.255250 7f473b8bfa00 	kXpressCompression supported: 0
2023/06/21-13:56:02.255251 7f473b8bfa00 	kLZ4HCCompression supported: 0
2023/06/21-13:56:02.255252 7f473b8bfa00 	kLZ4Compression supported: 0
2023/06/21-13:56:02.255253 7f473b8bfa00 	kBZip2Compression supported: 0
2023/06/21-13:56:02.255254 7f473b8bfa00 	kZlibCompression supported: 1
2023/06/21-13:56:02.255569 7f473b8bfa00 	kSnappyCompression supported: 1
2023/06/21-13:56:02.255572 7f473b8bfa00 Fast CRC32 supported: Not supported on x86
2023/06/21-13:56:02.274453 7f473b8bfa00 [/version_set.cc:4626] Recovering from manifest file: .//meta/MANIFEST-000009
2023/06/21-13:56:02.282130 7f473b8bfa00 [/column_family.cc:596] --------------- Options for column family [default]:
2023/06/21-13:56:02.282139 7f473b8bfa00               Options.comparator: leveldb.BytewiseComparator
2023/06/21-13:56:02.282622 7f473b8bfa00           Options.merge_operator: UInt64AddOperator
2023/06/21-13:56:02.282625 7f473b8bfa00        Options.compaction_filter: None
2023/06/21-13:56:02.282626 7f473b8bfa00        Options.compaction_filter_factory: None
2023/06/21-13:56:02.282627 7f473b8bfa00  Options.sst_partitioner_factory: None
2023/06/21-13:56:02.282628 7f473b8bfa00         Options.memtable_factory: SkipListFactory
2023/06/21-13:56:02.282629 7f473b8bfa00            Options.table_factory: BlockBasedTable
2023/06/21-13:56:02.283068 7f473b8bfa00            table_factory options:   flush_block_policy_factory: FlushBlockBySizePolicyFactory (0x7f473b408040)
  cache_index_and_filter_blocks: 0
  cache_index_and_filter_blocks_with_high_priority: 1
  pin_l0_filter_and_index_blocks_in_cache: 0
  pin_top_level_index_and_filter: 1
  index_type: 0
  data_block_index_type: 0
  index_shortening: 1
  data_block_hash_table_util_ratio: 0.750000
  hash_index_allow_collision: 1
  checksum: 1
  no_block_cache: 0
  block_cache: 0x7f473a122b10
  block_cache_name: LRUCache
  block_cache_options:
    capacity : 8388608
    num_shard_bits : 4
    strict_capacity_limit : 0
    memory_allocator : None
    high_pri_pool_ratio: 0.000
  block_cache_compressed: (nil)
  persistent_cache: (nil)
  block_size: 4096
  block_size_deviation: 10
  block_restart_interval: 16
  index_block_restart_interval: 1
  metadata_block_size: 4096
  partition_filters: 0
  use_delta_encoding: 1
  filter_policy: nullptr
  whole_key_filtering: 1
  verify_compression: 0
  read_amp_bytes_per_bit: 0
  format_version: 5
  enable_index_compression: 1
  block_align: 0
2023/06/21-13:56:02.283980 7f473b8bfa00        Options.write_buffer_size: 4194304
2023/06/21-13:56:02.283983 7f473b8bfa00  Options.max_write_buffer_number: 2
2023/06/21-13:56:02.283984 7f473b8bfa00        Options.compression[0]: NoCompression
2023/06/21-13:56:02.283985 7f473b8bfa00        Options.compression[1]: NoCompression
2023/06/21-13:56:02.283986 7f473b8bfa00        Options.compression[2]: Snappy
2023/06/21-13:56:02.284468 7f473b8bfa00        Options.compression[3]: Snappy
2023/06/21-13:56:02.284470 7f473b8bfa00        Options.compression[4]: Snappy
2023/06/21-13:56:02.284471 7f473b8bfa00        Options.compression[5]: Snappy
2023/06/21-13:56:02.284472 7f473b8bfa00        Options.compression[6]: Snappy
2023/06/21-13:56:02.284473 7f473b8bfa00                  Options.bottommost_compression: Disabled
2023/06/21-13:56:02.284474 7f473b8bfa00       Options.prefix_extractor: nullptr
2023/06/21-13:56:02.284880 7f473b8bfa00   Options.memtable_insert_with_hint_prefix_extractor: nullptr
2023/06/21-13:56:02.284882 7f473b8bfa00             Options.num_levels: 7
2023/06/21-13:56:02.284883 7f473b8bfa00        Options.min_write_buffer_number_to_merge: 1
2023/06/21-13:56:02.284883 7f473b8bfa00     Options.max_write_buffer_number_to_maintain: 0
2023/06/21-13:56:02.284884 7f473b8bfa00     Options.max_write_buffer_size_to_maintain: 0
2023/06/21-13:56:02.284885 7f473b8bfa00            Options.bottommost_compression_opts.window_bits: -14
2023/06/21-13:56:02.285339 7f473b8bfa00                  Options.bottommost_compression_opts.level: 32767
2023/06/21-13:56:02.285341 7f473b8bfa00               Options.bottommost_compression_opts.strategy: 0
2023/06/21-13:56:02.285342 7f473b8bfa00         Options.bottommost_compression_opts.max_dict_bytes: 0
2023/06/21-13:56:02.285342 7f473b8bfa00         Options.bottommost_compression_opts.zstd_max_train_bytes: 0
2023/06/21-13:56:02.285343 7f473b8bfa00         Options.bottommost_compression_opts.parallel_threads: 1
2023/06/21-13:56:02.285718 7f473b8bfa00                  Options.bottommost_compression_opts.enabled: false
2023/06/21-13:56:02.285720 7f473b8bfa00         Options.bottommost_compression_opts.max_dict_buffer_bytes: 0
2023/06/21-13:56:02.285720 7f473b8bfa00            Options.compression_opts.window_bits: -14
2023/06/21-13:56:02.285721 7f473b8bfa00                  Options.compression_opts.level: 32767
2023/06/21-13:56:02.285722 7f473b8bfa00               Options.compression_opts.strategy: 0
2023/06/21-13:56:02.286204 7f473b8bfa00         Options.compression_opts.max_dict_bytes: 0
2023/06/21-13:56:02.286206 7f473b8bfa00         Options.compression_opts.zstd_max_train_bytes: 0
2023/06/21-13:56:02.286208 7f473b8bfa00         Options.compression_opts.parallel_threads: 1
2023/06/21-13:56:02.286209 7f473b8bfa00                  Options.compression_opts.enabled: false
2023/06/21-13:56:02.286210 7f473b8bfa00         Options.compression_opts.max_dict_buffer_bytes: 0
2023/06/21-13:56:02.286211 7f473b8bfa00      Options.level0_file_num_compaction_trigger: 2
2023/06/21-13:56:02.286639 7f473b8bfa00          Options.level0_slowdown_writes_trigger: 20
2023/06/21-13:56:02.286640 7f473b8bfa00              Options.level0_stop_writes_trigger: 36
2023/06/21-13:56:02.286641 7f473b8bfa00                   Options.target_file_size_base: 67108864
2023/06/21-13:56:02.286642 7f473b8bfa00             Options.target_file_size_multiplier: 1
2023/06/21-13:56:02.286643 7f473b8bfa00                Options.max_bytes_for_level_base: 536870912
2023/06/21-13:56:02.287075 7f473b8bfa00 Options.level_compaction_dynamic_level_bytes: 0
2023/06/21-13:56:02.287079 7f473b8bfa00          Options.max_bytes_for_level_multiplier: 10.000000
2023/06/21-13:56:02.287080 7f473b8bfa00 Options.max_bytes_for_level_multiplier_addtl[0]: 1
2023/06/21-13:56:02.287087 7f473b8bfa00 Options.max_bytes_for_level_multiplier_addtl[1]: 1
2023/06/21-13:56:02.287088 7f473b8bfa00 Options.max_bytes_for_level_multiplier_addtl[2]: 1
2023/06/21-13:56:02.287089 7f473b8bfa00 Options.max_bytes_for_level_multiplier_addtl[3]: 1
2023/06/21-13:56:02.287472 7f473b8bfa00 Options.max_bytes_for_level_multiplier_addtl[4]: 1
2023/06/21-13:56:02.287474 7f473b8bfa00 Options.max_bytes_for_level_multiplier_addtl[5]: 1
2023/06/21-13:56:02.287474 7f473b8bfa00 Options.max_bytes_for_level_multiplier_addtl[6]: 1
2023/06/21-13:56:02.287475 7f473b8bfa00       Options.max_sequential_skip_in_iterations: 8
2023/06/21-13:56:02.287476 7f473b8bfa00                    Options.max_compaction_bytes: 1677721600
2023/06/21-13:56:02.287871 7f473b8bfa00                        Options.arena_block_size: 524288
2023/06/21-13:56:02.287874 7f473b8bfa00   Options.soft_pending_compaction_bytes_limit: 68719476736
2023/06/21-13:56:02.287875 7f473b8bfa00   Options.hard_pending_compaction_bytes_limit: 274877906944
2023/06/21-13:56:02.287875 7f473b8bfa00       Options.rate_limit_delay_max_milliseconds: 100
2023/06/21-13:56:02.287876 7f473b8bfa00                Options.disable_auto_compactions: 0
2023/06/21-13:56:02.288231 7f473b8bfa00                        Options.compaction_style: kCompactionStyleLevel
2023/06/21-13:56:02.288234 7f473b8bfa00                          Options.compaction_pri: kMinOverlappingRatio
2023/06/21-13:56:02.288235 7f473b8bfa00 Options.compaction_options_universal.size_ratio: 1
2023/06/21-13:56:02.288235 7f473b8bfa00 Options.compaction_options_universal.min_merge_width: 2
2023/06/21-13:56:02.288236 7f473b8bfa00 Options.compaction_options_universal.max_merge_width: 4294967295
2023/06/21-13:56:02.288662 7f473b8bfa00 Options.compaction_options_universal.max_size_amplification_percent: 200
2023/06/21-13:56:02.288664 7f473b8bfa00 Options.compaction_options_universal.compression_size_percent: -1
2023/06/21-13:56:02.288666 7f473b8bfa00 Options.compaction_options_universal.stop_style: kCompactionStopStyleTotalSize
2023/06/21-13:56:02.288667 7f473b8bfa00 Options.compaction_options_fifo.max_table_files_size: 1073741824
2023/06/21-13:56:02.288668 7f473b8bfa00 Options.compaction_options_fifo.allow_compaction: 0
2023/06/21-13:56:02.289066 7f473b8bfa00                   Options.table_properties_collectors: 
2023/06/21-13:56:02.289071 7f473b8bfa00                   Options.inplace_update_support: 0
2023/06/21-13:56:02.289072 7f473b8bfa00                 Options.inplace_update_num_locks: 10000
2023/06/21-13:56:02.289076 7f473b8bfa00               Options.memtable_prefix_bloom_size_ratio: 0.000000
2023/06/21-13:56:02.289078 7f473b8bfa00               Options.memtable_whole_key_filtering: 0
2023/06/21-13:56:02.289464 7f473b8bfa00   Options.memtable_huge_page_size: 0
2023/06/21-13:56:02.289468 7f473b8bfa00                           Options.bloom_locality: 0
2023/06/21-13:56:02.289469 7f473b8bfa00                    Options.max_successive_merges: 0
2023/06/21-13:56:02.289471 7f473b8bfa00                Options.optimize_filters_for_hits: 0
2023/06/21-13:56:02.289473 7f473b8bfa00                Options.paranoid_file_checks: 0
2023/06/21-13:56:02.289474 7f473b8bfa00                Options.force_consistency_checks: 1
2023/06/21-13:56:02.289937 7f473b8bfa00                Options.report_bg_io_stats: 0
2023/06/21-13:56:02.289940 7f473b8bfa00                               Options.ttl: 2592000
2023/06/21-13:56:02.289941 7f473b8bfa00          Options.periodic_compaction_seconds: 0
2023/06/21-13:56:02.289942 7f473b8bfa00                    Options.enable_blob_files: false
2023/06/21-13:56:02.289943 7f473b8bfa00                        Options.min_blob_size: 0
2023/06/21-13:56:02.289944 7f473b8bfa00                       Options.blob_file_size: 268435456
2023/06/21-13:56:02.290324 7f473b8bfa00                Options.blob_compression_type: NoCompression
2023/06/21-13:56:02.290327 7f473b8bfa00       Options.enable_blob_garbage_collection: false
2023/06/21-13:56:02.290331 7f473b8bfa00   Options.blob_garbage_collection_age_cutoff: 0.250000
2023/06/21-13:56:02.293542 7f473b8bfa00 [/version_set.cc:4666] Recovered from manifest file:.//meta/MANIFEST-000009 succeeded,manifest_file_number is 9, next_file_number is 11, last_sequence is 0, log_number is 6,prev_log_number is 0,max_column_family is 0,min_log_number_to_keep is 0
2023/06/21-13:56:02.293935 7f473b8bfa00 [/version_set.cc:4681] Column family [default] (ID 0), log number is 6
2023/06/21-13:56:02.306802 7f473b8bfa00 [/version_set.cc:4118] Creating manifest 13
2023/06/21-13:56:02.333317 7f473b8bfa00 EVENT_LOG_v1 {"time_micros": 1687366562333311, "job": 1, "event": "recovery_started", "wal_files": [10]}
2023/06/21-13:56:02.333322 7f473b8bfa00 [/db_impl/db_impl_open.cc:854] Recovering log #10 mode 2
2023/06/21-13:56:02.336638 7f473b8bfa00 [/version_set.cc:4118] Creating manifest 14
2023/06/21-13:56:02.366183 7f473b8bfa00 EVENT_LOG_v1 {"time_micros": 1687366562366177, "job": 1, "event": "recovery_finished"}
2023/06/21-13:56:02.382106 7f473b8bfa00 [/wal_manager.cc:281] Move log file .//meta/000010.log to .//meta/archive/000010.log -- OK
2023/06/21-13:56:02.395812 7f473b8bfa00 [le/delete_scheduler.cc:73] Deleted file .//meta/archive/000010.log immediately, rate_bytes_per_sec 0, total_trash_size 0 max_trash_db_ratio 0.250000
2023/06/21-13:56:02.426892 7f473b8bfa00 [/db_impl/db_impl_open.cc:1756] SstFileManager instance 0x7f473a084780
2023/06/21-13:56:02.430061 7f473b8bfa00 DB pointer 0x7f473b433000
