2023/06/21-13:56:01.985355 7f473b8bfa00 RocksDB version: 6.20.3
2023/06/21-13:56:01.986360 7f473b8bfa00 Git sha 01028f411f86e930a5436f757837da08a3f48f1a
2023/06/21-13:56:01.986363 7f473b8bfa00 Compile date 2021-07-31 16:27:06
2023/06/21-13:56:01.986420 7f473b8bfa00 DB SUMMARY
2023/06/21-13:56:01.986422 7f473b8bfa00 DB Session ID:  IPY0C15HS8HG5E9THKYI
2023/06/21-13:56:01.994801 7f473b8bfa00 CURRENT file:  CURRENT
2023/06/21-13:56:01.994807 7f473b8bfa00 IDENTITY file:  IDENTITY
2023/06/21-13:56:01.996472 7f473b8bfa00 MANIFEST file:  MANIFEST-000004 size: 129 Bytes
2023/06/21-13:56:01.996477 7f473b8bfa00 SST files in .//db dir, Total Num: 1, files: 000008.sst 
2023/06/21-13:56:01.996993 7f473b8bfa00 Write Ahead Log file in .//db: 000005.log size: 52 ; 
2023/06/21-13:56:01.996996 7f473b8bfa00                         Options.error_if_exists: 0
2023/06/21-13:56:01.996997 7f473b8bfa00                       Options.create_if_missing: 1
2023/06/21-13:56:01.996998 7f473b8bfa00                         Options.paranoid_checks: 1
2023/06/21-13:56:01.996999 7f473b8bfa00                               Options.track_and_verify_wals_in_manifest: 0
2023/06/21-13:56:01.997811 7f473b8bfa00                                     Options.env: 0x4600540
2023/06/21-13:56:01.997814 7f473b8bfa00                                      Options.fs: Posix File System
2023/06/21-13:56:01.997815 7f473b8bfa00                                Options.info_log: 0x7f473affe200
2023/06/21-13:56:01.997816 7f473b8bfa00                Options.max_file_opening_threads: 16
2023/06/21-13:56:01.997817 7f473b8bfa00                              Options.statistics: (nil)
2023/06/21-13:56:01.998283 7f473b8bfa00                               Options.use_fsync: 0
2023/06/21-13:56:01.998285 7f473b8bfa00                       Options.max_log_file_size: 4194304
2023/06/21-13:56:01.998287 7f473b8bfa00                  Options.max_manifest_file_size: 1073741824
2023/06/21-13:56:01.998287 7f473b8bfa00                   Options.log_file_time_to_roll: 0
2023/06/21-13:56:01.998288 7f473b8bfa00                       Options.keep_log_file_num: 5
2023/06/21-13:56:01.998749 7f473b8bfa00                    Options.recycle_log_file_num: 0
2023/06/21-13:56:01.998751 7f473b8bfa00                         Options.allow_fallocate: 1
2023/06/21-13:56:01.998752 7f473b8bfa00                        Options.allow_mmap_reads: 0
2023/06/21-13:56:01.998753 7f473b8bfa00                       Options.allow_mmap_writes: 0
2023/06/21-13:56:01.998754 7f473b8bfa00                        Options.use_direct_reads: 0
2023/06/21-13:56:01.998755 7f473b8bfa00                        Options.use_direct_io_for_flush_and_compaction: 0
2023/06/21-13:56:01.999206 7f473b8bfa00          Options.create_missing_column_families: 0
2023/06/21-13:56:01.999214 7f473b8bfa00                              Options.db_log_dir: 
2023/06/21-13:56:01.999215 7f473b8bfa00                                 Options.wal_dir: .//db
2023/06/21-13:56:01.999216 7f473b8bfa00                Options.table_cache_numshardbits: 6
2023/06/21-13:56:01.999217 7f473b8bfa00                         Options.WAL_ttl_seconds: 86400
2023/06/21-13:56:01.999634 7f473b8bfa00                       Options.WAL_size_limit_MB: 1024
2023/06/21-13:56:01.999637 7f473b8bfa00                        Options.max_write_batch_group_size_bytes: 1048576
2023/06/21-13:56:01.999638 7f473b8bfa00             Options.manifest_preallocation_size: 4194304
2023/06/21-13:56:01.999639 7f473b8bfa00                     Options.is_fd_close_on_exec: 1
2023/06/21-13:56:01.999640 7f473b8bfa00                   Options.advise_random_on_open: 1
2023/06/21-13:56:01.999641 7f473b8bfa00                    Options.db_write_buffer_size: 0
2023/06/21-13:56:02.000075 7f473b8bfa00                    Options.write_buffer_manager: 0x7f473a154fb0
2023/06/21-13:56:02.000078 7f473b8bfa00         Options.access_hint_on_compaction_start: 1
2023/06/21-13:56:02.000079 7f473b8bfa00  Options.new_table_reader_for_compaction_inputs: 0
2023/06/21-13:56:02.000080 7f473b8bfa00           Options.random_access_max_buffer_size: 1048576
2023/06/21-13:56:02.000081 7f473b8bfa00                      Options.use_adaptive_mutex: 0
2023/06/21-13:56:02.000634 7f473b8bfa00                            Options.rate_limiter: (nil)
2023/06/21-13:56:02.000637 7f473b8bfa00     Options.sst_file_manager.rate_bytes_per_sec: 0
2023/06/21-13:56:02.000638 7f473b8bfa00                       Options.wal_recovery_mode: 2
2023/06/21-13:56:02.000639 7f473b8bfa00                  Options.enable_thread_tracking: 0
2023/06/21-13:56:02.000640 7f473b8bfa00                  Options.enable_pipelined_write: 0
2023/06/21-13:56:02.000645 7f473b8bfa00                  Options.unordered_write: 0
2023/06/21-13:56:02.001106 7f473b8bfa00         Options.allow_concurrent_memtable_write: 1
2023/06/21-13:56:02.001108 7f473b8bfa00      Options.enable_write_thread_adaptive_yield: 1
2023/06/21-13:56:02.001109 7f473b8bfa00             Options.write_thread_max_yield_usec: 100
2023/06/21-13:56:02.001110 7f473b8bfa00            Options.write_thread_slow_yield_usec: 3
2023/06/21-13:56:02.001111 7f473b8bfa00                               Options.row_cache: None
2023/06/21-13:56:02.001551 7f473b8bfa00                              Options.wal_filter: None
2023/06/21-13:56:02.001553 7f473b8bfa00             Options.avoid_flush_during_recovery: 0
2023/06/21-13:56:02.001554 7f473b8bfa00             Options.allow_ingest_behind: 0
2023/06/21-13:56:02.001555 7f473b8bfa00             Options.preserve_deletes: 0
2023/06/21-13:56:02.001556 7f473b8bfa00             Options.two_write_queues: 0
2023/06/21-13:56:02.001558 7f473b8bfa00             Options.manual_wal_flush: 0
2023/06/21-13:56:02.001954 7f473b8bfa00             Options.atomic_flush: 0
2023/06/21-13:56:02.001956 7f473b8bfa00             Options.avoid_unnecessary_blocking_io: 0
2023/06/21-13:56:02.001957 7f473b8bfa00                 Options.persist_stats_to_disk: 0
2023/06/21-13:56:02.001958 7f473b8bfa00                 Options.write_dbid_to_manifest: 0
2023/06/21-13:56:02.001959 7f473b8bfa00                 Options.log_readahead_size: 0
2023/06/21-13:56:02.001960 7f473b8bfa00                 Options.file_checksum_gen_factory: Unknown
2023/06/21-13:56:02.002389 7f473b8bfa00                 Options.best_efforts_recovery: 0
2023/06/21-13:56:02.002391 7f473b8bfa00                Options.max_bgerror_resume_count: 2147483647
2023/06/21-13:56:02.002392 7f473b8bfa00            Options.bgerror_resume_retry_interval: 1000000
2023/06/21-13:56:02.002393 7f473b8bfa00             Options.allow_data_in_errors: 0
2023/06/21-13:56:02.002394 7f473b8bfa00             Options.db_host_id: __hostname__
2023/06/21-13:56:02.002395 7f473b8bfa00             Options.max_background_jobs: 16
2023/06/21-13:56:02.002796 7f473b8bfa00             Options.max_background_compactions: -1
2023/06/21-13:56:02.002797 7f473b8bfa00             Options.max_subcompactions: 1
2023/06/21-13:56:02.002798 7f473b8bfa00             Options.avoid_flush_during_shutdown: 0
2023/06/21-13:56:02.002799 7f473b8bfa00           Options.writable_file_max_buffer_size: 1048576
2023/06/21-13:56:02.002800 7f473b8bfa00             Options.delayed_write_rate : 16777216
2023/06/21-13:56:02.002801 7f473b8bfa00             Options.max_total_wal_size: 0
2023/06/21-13:56:02.003208 7f473b8bfa00             Options.delete_obsolete_files_period_micros: 21600000000
2023/06/21-13:56:02.003210 7f473b8bfa00                   Options.stats_dump_period_sec: 600
2023/06/21-13:56:02.003211 7f473b8bfa00                 Options.stats_persist_period_sec: 600
2023/06/21-13:56:02.003212 7f473b8bfa00                 Options.stats_history_buffer_size: 1048576
2023/06/21-13:56:02.003213 7f473b8bfa00                          Options.max_open_files: -1
2023/06/21-13:56:02.003612 7f473b8bfa00                          Options.bytes_per_sync: 0
2023/06/21-13:56:02.003614 7f473b8bfa00                      Options.wal_bytes_per_sync: 0
2023/06/21-13:56:02.003615 7f473b8bfa00                   Options.strict_bytes_per_sync: 0
2023/06/21-13:56:02.003615 7f473b8bfa00       Options.compaction_readahead_size: 0
2023/06/21-13:56:02.003616 7f473b8bfa00                  Options.max_background_flushes: -1
2023/06/21-13:56:02.003617 7f473b8bfa00 Compression algorithms supported:
2023/06/21-13:56:02.004062 7f473b8bfa00 	kZSTDNotFinalCompression supported: 0
2023/06/21-13:56:02.004064 7f473b8bfa00 	kZSTD supported: 0
2023/06/21-13:56:02.004065 7f473b8bfa00 	kXpressCompression supported: 0
2023/06/21-13:56:02.004066 7f473b8bfa00 	kLZ4HCCompression supported: 0
2023/06/21-13:56:02.004067 7f473b8bfa00 	kLZ4Compression supported: 0
2023/06/21-13:56:02.004068 7f473b8bfa00 	kBZip2Compression supported: 0
2023/06/21-13:56:02.004069 7f473b8bfa00 	kZlibCompression supported: 1
2023/06/21-13:56:02.004504 7f473b8bfa00 	kSnappyCompression supported: 1
2023/06/21-13:56:02.004507 7f473b8bfa00 Fast CRC32 supported: Not supported on x86
2023/06/21-13:56:02.024939 7f473b8bfa00 [/version_set.cc:4626] Recovering from manifest file: .//db/MANIFEST-000004
2023/06/21-13:56:02.032472 7f473b8bfa00 [/column_family.cc:596] --------------- Options for column family [default]:
2023/06/21-13:56:02.032481 7f473b8bfa00               Options.comparator: leveldb.BytewiseComparator
2023/06/21-13:56:02.032941 7f473b8bfa00           Options.merge_operator: UInt64AddOperator
2023/06/21-13:56:02.032944 7f473b8bfa00        Options.compaction_filter: None
2023/06/21-13:56:02.032945 7f473b8bfa00        Options.compaction_filter_factory: None
2023/06/21-13:56:02.032946 7f473b8bfa00  Options.sst_partitioner_factory: None
2023/06/21-13:56:02.032947 7f473b8bfa00         Options.memtable_factory: SkipListFactory
2023/06/21-13:56:02.032948 7f473b8bfa00            Options.table_factory: BlockBasedTable
2023/06/21-13:56:02.033424 7f473b8bfa00            table_factory options:   flush_block_policy_factory: FlushBlockBySizePolicyFactory (0x7f473b408020)
  cache_index_and_filter_blocks: 0
  cache_index_and_filter_blocks_with_high_priority: 1
  pin_l0_filter_and_index_blocks_in_cache: 0
  pin_top_level_index_and_filter: 1
  index_type: 0
  data_block_index_type: 0
  index_shortening: 1
  data_block_hash_table_util_ratio: 0.750000
  hash_index_allow_collision: 1
  checksum: 1
  no_block_cache: 0
  block_cache: 0x7f473a158690
  block_cache_name: LRUCache
  block_cache_options:
    capacity : 8388608
    num_shard_bits : 4
    strict_capacity_limit : 0
    memory_allocator : None
    high_pri_pool_ratio: 0.000
  block_cache_compressed: (nil)
  persistent_cache: (nil)
  block_size: 4096
  block_size_deviation: 10
  block_restart_interval: 16
  index_block_restart_interval: 1
  metadata_block_size: 4096
  partition_filters: 0
  use_delta_encoding: 1
  filter_policy: nullptr
  whole_key_filtering: 1
  verify_compression: 0
  read_amp_bytes_per_bit: 0
  format_version: 5
  enable_index_compression: 1
  block_align: 0
2023/06/21-13:56:02.034294 7f473b8bfa00        Options.write_buffer_size: 4194304
2023/06/21-13:56:02.034297 7f473b8bfa00  Options.max_write_buffer_number: 2
2023/06/21-13:56:02.034298 7f473b8bfa00        Options.compression[0]: NoCompression
2023/06/21-13:56:02.034299 7f473b8bfa00        Options.compression[1]: NoCompression
2023/06/21-13:56:02.034300 7f473b8bfa00        Options.compression[2]: Snappy
2023/06/21-13:56:02.034739 7f473b8bfa00        Options.compression[3]: Snappy
2023/06/21-13:56:02.034742 7f473b8bfa00        Options.compression[4]: Snappy
2023/06/21-13:56:02.034743 7f473b8bfa00        Options.compression[5]: Snappy
2023/06/21-13:56:02.034743 7f473b8bfa00        Options.compression[6]: Snappy
2023/06/21-13:56:02.034745 7f473b8bfa00                  Options.bottommost_compression: Disabled
2023/06/21-13:56:02.034746 7f473b8bfa00       Options.prefix_extractor: nullptr
2023/06/21-13:56:02.035189 7f473b8bfa00   Options.memtable_insert_with_hint_prefix_extractor: nullptr
2023/06/21-13:56:02.035191 7f473b8bfa00             Options.num_levels: 7
2023/06/21-13:56:02.035192 7f473b8bfa00        Options.min_write_buffer_number_to_merge: 1
2023/06/21-13:56:02.035193 7f473b8bfa00     Options.max_write_buffer_number_to_maintain: 0
2023/06/21-13:56:02.035194 7f473b8bfa00     Options.max_write_buffer_size_to_maintain: 0
2023/06/21-13:56:02.035195 7f473b8bfa00            Options.bottommost_compression_opts.window_bits: -14
2023/06/21-13:56:02.035647 7f473b8bfa00                  Options.bottommost_compression_opts.level: 32767
2023/06/21-13:56:02.035649 7f473b8bfa00               Options.bottommost_compression_opts.strategy: 0
2023/06/21-13:56:02.035651 7f473b8bfa00         Options.bottommost_compression_opts.max_dict_bytes: 0
2023/06/21-13:56:02.035651 7f473b8bfa00         Options.bottommost_compression_opts.zstd_max_train_bytes: 0
2023/06/21-13:56:02.035652 7f473b8bfa00         Options.bottommost_compression_opts.parallel_threads: 1
2023/06/21-13:56:02.036127 7f473b8bfa00                  Options.bottommost_compression_opts.enabled: false
2023/06/21-13:56:02.036130 7f473b8bfa00         Options.bottommost_compression_opts.max_dict_buffer_bytes: 0
2023/06/21-13:56:02.036131 7f473b8bfa00            Options.compression_opts.window_bits: -14
2023/06/21-13:56:02.036132 7f473b8bfa00                  Options.compression_opts.level: 32767
2023/06/21-13:56:02.036136 7f473b8bfa00               Options.compression_opts.strategy: 0
2023/06/21-13:56:02.036542 7f473b8bfa00         Options.compression_opts.max_dict_bytes: 0
2023/06/21-13:56:02.036545 7f473b8bfa00         Options.compression_opts.zstd_max_train_bytes: 0
2023/06/21-13:56:02.036546 7f473b8bfa00         Options.compression_opts.parallel_threads: 1
2023/06/21-13:56:02.036547 7f473b8bfa00                  Options.compression_opts.enabled: false
2023/06/21-13:56:02.036547 7f473b8bfa00         Options.compression_opts.max_dict_buffer_bytes: 0
2023/06/21-13:56:02.036955 7f473b8bfa00      Options.level0_file_num_compaction_trigger: 2
2023/06/21-13:56:02.036959 7f473b8bfa00          Options.level0_slowdown_writes_trigger: 20
2023/06/21-13:56:02.036960 7f473b8bfa00              Options.level0_stop_writes_trigger: 36
2023/06/21-13:56:02.036961 7f473b8bfa00                   Options.target_file_size_base: 67108864
2023/06/21-13:56:02.036962 7f473b8bfa00             Options.target_file_size_multiplier: 1
2023/06/21-13:56:02.036963 7f473b8bfa00                Options.max_bytes_for_level_base: 536870912
2023/06/21-13:56:02.037415 7f473b8bfa00 Options.level_compaction_dynamic_level_bytes: 0
2023/06/21-13:56:02.037420 7f473b8bfa00          Options.max_bytes_for_level_multiplier: 10.000000
2023/06/21-13:56:02.037422 7f473b8bfa00 Options.max_bytes_for_level_multiplier_addtl[0]: 1
2023/06/21-13:56:02.037423 7f473b8bfa00 Options.max_bytes_for_level_multiplier_addtl[1]: 1
2023/06/21-13:56:02.037424 7f473b8bfa00 Options.max_bytes_for_level_multiplier_addtl[2]: 1
2023/06/21-13:56:02.037857 7f473b8bfa00 Options.max_bytes_for_level_multiplier_addtl[3]: 1
2023/06/21-13:56:02.037860 7f473b8bfa00 Options.max_bytes_for_level_multiplier_addtl[4]: 1
2023/06/21-13:56:02.037861 7f473b8bfa00 Options.max_bytes_for_level_multiplier_addtl[5]: 1
2023/06/21-13:56:02.037862 7f473b8bfa00 Options.max_bytes_for_level_multiplier_addtl[6]: 1
2023/06/21-13:56:02.037864 7f473b8bfa00       Options.max_sequential_skip_in_iterations: 8
2023/06/21-13:56:02.037865 7f473b8bfa00                    Options.max_compaction_bytes: 1677721600
2023/06/21-13:56:02.038250 7f473b8bfa00                        Options.arena_block_size: 524288
2023/06/21-13:56:02.038252 7f473b8bfa00   Options.soft_pending_compaction_bytes_limit: 68719476736
2023/06/21-13:56:02.038253 7f473b8bfa00   Options.hard_pending_compaction_bytes_limit: 274877906944
2023/06/21-13:56:02.038254 7f473b8bfa00       Options.rate_limit_delay_max_milliseconds: 100
2023/06/21-13:56:02.038255 7f473b8bfa00                Options.disable_auto_compactions: 0
2023/06/21-13:56:02.038651 7f473b8bfa00                        Options.compaction_style: kCompactionStyleLevel
2023/06/21-13:56:02.038653 7f473b8bfa00                          Options.compaction_pri: kMinOverlappingRatio
2023/06/21-13:56:02.038654 7f473b8bfa00 Options.compaction_options_universal.size_ratio: 1
2023/06/21-13:56:02.038655 7f473b8bfa00 Options.compaction_options_universal.min_merge_width: 2
2023/06/21-13:56:02.038656 7f473b8bfa00 Options.compaction_options_universal.max_merge_width: 4294967295
2023/06/21-13:56:02.039087 7f473b8bfa00 Options.compaction_options_universal.max_size_amplification_percent: 200
2023/06/21-13:56:02.039090 7f473b8bfa00 Options.compaction_options_universal.compression_size_percent: -1
2023/06/21-13:56:02.039093 7f473b8bfa00 Options.compaction_options_universal.stop_style: kCompactionStopStyleTotalSize
2023/06/21-13:56:02.039095 7f473b8bfa00 Options.compaction_options_fifo.max_table_files_size: 1073741824
2023/06/21-13:56:02.039097 7f473b8bfa00 Options.compaction_options_fifo.allow_compaction: 0
2023/06/21-13:56:02.039561 7f473b8bfa00                   Options.table_properties_collectors: 
2023/06/21-13:56:02.039565 7f473b8bfa00                   Options.inplace_update_support: 0
2023/06/21-13:56:02.039566 7f473b8bfa00                 Options.inplace_update_num_locks: 10000
2023/06/21-13:56:02.039569 7f473b8bfa00               Options.memtable_prefix_bloom_size_ratio: 0.000000
2023/06/21-13:56:02.039570 7f473b8bfa00               Options.memtable_whole_key_filtering: 0
2023/06/21-13:56:02.040012 7f473b8bfa00   Options.memtable_huge_page_size: 0
2023/06/21-13:56:02.040018 7f473b8bfa00                           Options.bloom_locality: 0
2023/06/21-13:56:02.040019 7f473b8bfa00                    Options.max_successive_merges: 0
2023/06/21-13:56:02.040020 7f473b8bfa00                Options.optimize_filters_for_hits: 0
2023/06/21-13:56:02.040022 7f473b8bfa00                Options.paranoid_file_checks: 0
2023/06/21-13:56:02.040023 7f473b8bfa00                Options.force_consistency_checks: 1
2023/06/21-13:56:02.040527 7f473b8bfa00                Options.report_bg_io_stats: 0
2023/06/21-13:56:02.040530 7f473b8bfa00                               Options.ttl: 2592000
2023/06/21-13:56:02.040531 7f473b8bfa00          Options.periodic_compaction_seconds: 0
2023/06/21-13:56:02.040532 7f473b8bfa00                    Options.enable_blob_files: false
2023/06/21-13:56:02.040533 7f473b8bfa00                        Options.min_blob_size: 0
2023/06/21-13:56:02.040534 7f473b8bfa00                       Options.blob_file_size: 268435456
2023/06/21-13:56:02.040921 7f473b8bfa00                Options.blob_compression_type: NoCompression
2023/06/21-13:56:02.040924 7f473b8bfa00       Options.enable_blob_garbage_collection: false
2023/06/21-13:56:02.040926 7f473b8bfa00   Options.blob_garbage_collection_age_cutoff: 0.250000
2023/06/21-13:56:02.053812 7f473b8bfa00 [/version_set.cc:4666] Recovered from manifest file:.//db/MANIFEST-000004 succeeded,manifest_file_number is 4, next_file_number is 10, last_sequence is 1, log_number is 5,prev_log_number is 0,max_column_family is 0,min_log_number_to_keep is 0
2023/06/21-13:56:02.054337 7f473b8bfa00 [/version_set.cc:4681] Column family [default] (ID 0), log number is 5
2023/06/21-13:56:02.068465 7f473b8bfa00 [/version_set.cc:4118] Creating manifest 11
2023/06/21-13:56:02.097318 7f473b8bfa00 EVENT_LOG_v1 {"time_micros": 1687366562097311, "job": 1, "event": "recovery_started", "wal_files": [5]}
2023/06/21-13:56:02.097323 7f473b8bfa00 [/db_impl/db_impl_open.cc:854] Recovering log #5 mode 2
2023/06/21-13:56:02.124314 7f473b8bfa00 EVENT_LOG_v1 {"time_micros": 1687366562124287, "cf_name": "default", "job": 1, "event": "table_file_creation", "file_number": 12, "file_size": 979, "file_checksum": "", "file_checksum_func_name": "Unknown", "table_properties": {"data_size": 0, "index_size": 13, "index_partitions": 0, "top_level_index_size": 0, "index_key_is_user_key": 1, "index_value_is_delta_encoded": 1, "filter_size": 0, "raw_key_size": 21, "raw_average_key_size": 21, "raw_value_size": 17, "raw_average_value_size": 17, "num_data_blocks": 0, "num_entries": 1, "num_deletions": 1, "num_merge_operands": 0, "num_range_deletions": 1, "format_version": 0, "fixed_key_len": 0, "filter_policy": "", "column_family_name": "default", "column_family_id": 0, "comparator": "leveldb.BytewiseComparator", "merge_operator": "UInt64AddOperator", "prefix_extractor_name": "nullptr", "property_collectors": "[]", "compression": "NoCompression", "compression_options": "window_bits=-14; level=32767; strategy=0; max_dict_bytes=0; zstd_max_train_bytes=0; enabled=0; max_dict_buffer_bytes=0; ", "creation_time": 1687366562, "oldest_key_time": 0, "file_creation_time": 0, "slow_compression_estimated_data_size": 0, "fast_compression_estimated_data_size": 0, "db_id": "c143b899-2928-4841-bdf5-3e35d378be73", "db_session_id": "IPY0C15HS8HG5E9THKYI"}}
2023/06/21-13:56:02.125846 7f473b8bfa00 [/version_set.cc:4118] Creating manifest 13
2023/06/21-13:56:02.155946 7f473b8bfa00 EVENT_LOG_v1 {"time_micros": 1687366562155939, "job": 1, "event": "recovery_finished"}
2023/06/21-13:56:02.171420 7f473b8bfa00 [/wal_manager.cc:281] Move log file .//db/000005.log to .//db/archive/000005.log -- OK
2023/06/21-13:56:02.209848 7f473b8bfa00 [/db_impl/db_impl_open.cc:1756] SstFileManager instance 0x7f473a084400
2023/06/21-13:56:02.213156 7f473b8bfa00 DB pointer 0x7f473a0e6800
2023/06/21-13:56:02.214051 7f46d7f3d640 (Original Log Time 2023/06/21-13:56:02.209939) [/db_impl/db_impl_compaction_flush.cc:3042] [default] Moving #12 to level-1 979 bytes
2023/06/21-13:56:02.214054 7f46d7f3d640 (Original Log Time 2023/06/21-13:56:02.214016) EVENT_LOG_v1 {"time_micros": 1687366562213544, "job": 3, "event": "trivial_move", "destination_level": 1, "files": 1, "total_files_size": 979}
2023/06/21-13:56:02.214055 7f46d7f3d640 (Original Log Time 2023/06/21-13:56:02.214022) [/db_impl/db_impl_compaction_flush.cc:3071] [default] Moved #1 files to level-1 979 bytes OK: files[1 1 0 0 0 0 0] max score 0.50
2023/06/21-13:56:02.214492 7f46be1f3640 [/db_impl/db_impl.cc:931] ------- DUMPING STATS -------
2023/06/21-13:56:02.215527 7f46be1f3640 [/db_impl/db_impl.cc:933] 
** DB Stats **
Uptime(secs): 0.2 total, 0.2 interval
Cumulative writes: 0 writes, 0 keys, 0 commit groups, 0.0 writes per commit group, ingest: 0.00 GB, 0.00 MB/s
Cumulative WAL: 0 writes, 0 syncs, 0.00 writes per sync, written: 0.00 GB, 0.00 MB/s
Cumulative stall: 00:00:0.000 H:M:S, 0.0 percent
Interval writes: 0 writes, 0 keys, 0 commit groups, 0.0 writes per commit group, ingest: 0.00 MB, 0.00 MB/s
Interval WAL: 0 writes, 0 syncs, 0.00 writes per sync, written: 0.00 MB, 0.00 MB/s
Interval stall: 00:00:0.000 H:M:S, 0.0 percent

** Compaction Stats [default] **
Level    Files   Size     Score Read(GB)  Rn(GB) Rnp1(GB) Write(GB) Wnew(GB) Moved(GB) W-Amp Rd(MB/s) Wr(MB/s) Comp(sec) CompMergeCPU(sec) Comp(cnt) Avg(sec) KeyIn KeyDrop Rblob(GB) Wblob(GB)
------------------------------------------------------------------------------------------------------------------------------------------------------------------------------------------------
  L0      1/0    0.97 KB   0.5      0.0     0.0      0.0       0.0      0.0       0.0   1.0      0.0      0.0      0.02              0.00         1    0.019       0      0       0.0       0.0
  L1      1/0    0.96 KB   0.0      0.0     0.0      0.0       0.0      0.0       0.0   0.0      0.0      0.0      0.00              0.00         0    0.000       0      0       0.0       0.0
 Sum      2/0    1.93 KB   0.0      0.0     0.0      0.0       0.0      0.0       0.0   1.0      0.0      0.0      0.02              0.00         1    0.019       0      0       0.0       0.0
 Int      0/0    0.00 KB   0.0      0.0     0.0      0.0       0.0      0.0       0.0   1.0      0.0      0.0      0.02              0.00         1    0.019       0      0       0.0       0.0

** Compaction Stats [default] **
Priority    Files   Size     Score Read(GB)  Rn(GB) Rnp1(GB) Write(GB) Wnew(GB) Moved(GB) W-Amp Rd(MB/s) Wr(MB/s) Comp(sec) CompMergeCPU(sec) Comp(cnt) Avg(sec) KeyIn KeyDrop Rblob(GB) Wblob(GB)
---------------------------------------------------------------------------------------------------------------------------------------------------------------------------------------------------
User      0/0    0.00 KB   0.0      0.0     0.0      0.0       0.0      0.0       0.0   0.0      0.0      0.0      0.02              0.00         1    0.019       0      0       0.0       0.0

Blob file count: 0, total size: 0.0 GB

Uptime(secs): 0.2 total, 0.2 interval
Flush(GB): cumulative 0.000, interval 0.000
AddFile(GB): cumulative 0.000, interval 0.000
AddFile(Total Files): cumulative 0, interval 0
AddFile(L0 Files): cumulative 0, interval 0
AddFile(Keys): cumulative 0, interval 0
Cumulative compaction: 0.00 GB write, 0.01 MB/s write, 0.00 GB read, 0.00 MB/s read, 0.0 seconds
Interval compaction: 0.00 GB write, 0.01 MB/s write, 0.00 GB read, 0.00 MB/s read, 0.0 seconds
Stalls(count): 0 level0_slowdown, 0 level0_slowdown_with_compaction, 0 level0_numfiles, 0 level0_numfiles_with_compaction, 0 stop for pending_compaction_bytes, 0 slowdown for pending_compaction_bytes, 0 memtable_compaction, 0 memtable_slowdown, interval 0 total count

** File Read Latency Histogram By Level [default] **

** Compaction Stats [default] **
Level    Files   Size     Score Read(GB)  Rn(GB) Rnp1(GB) Write(GB) Wnew(GB) Moved(GB) W-Amp Rd(MB/s) Wr(MB/s) Comp(sec) CompMergeCPU(sec) Comp(cnt) Avg(sec) KeyIn KeyDrop Rblob(GB) Wblob(GB)
------------------------------------------------------------------------------------------------------------------------------------------------------------------------------------------------
  L0      1/0    0.97 KB   0.5      0.0     0.0      0.0       0.0      0.0       0.0   1.0      0.0      0.0      0.02              0.00         1    0.019       0      0       0.0       0.0
  L1      1/0    0.96 KB   0.0      0.0     0.0      0.0       0.0      0.0       0.0   0.0      0.0      0.0      0.00              0.00         0    0.000       0      0       0.0       0.0
 Sum      2/0    1.93 KB   0.0      0.0     0.0      0.0       0.0      0.0       0.0   1.0      0.0      0.0      0.02              0.00         1    0.019       0      0       0.0       0.0
 Int      0/0    0.00 KB   0.0      0.0     0.0      0.0       0.0      0.0       0.0   0.0      0.0      0.0      0.00              0.00         0    0.000       0      0       0.0       0.0

** Compaction Stats [default] **
Priority    Files   Size     Score Read(GB)  Rn(GB) Rnp1(GB) Write(GB) Wnew(GB) Moved(GB) W-Amp Rd(MB/s) Wr(MB/s) Comp(sec) CompMergeCPU(sec) Comp(cnt) Avg(sec) KeyIn KeyDrop Rblob(GB) Wblob(GB)
---------------------------------------------------------------------------------------------------------------------------------------------------------------------------------------------------
User      0/0    0.00 KB   0.0      0.0     0.0      0.0       0.0      0.0       0.0   0.0      0.0      0.0      0.02              0.00         1    0.019       0      0       0.0       0.0

Blob file count: 0, total size: 0.0 GB

Uptime(secs): 0.2 total, 0.0 interval
Flush(GB): cumulative 0.000, interval 0.000
AddFile(GB): cumulative 0.000, interval 0.000
AddFile(Total Files): cumulative 0, interval 0
AddFile(L0 Files): cumulative 0, interval 0
AddFile(Keys): cumulative 0, interval 0
Cumulative compaction: 0.00 GB write, 0.01 MB/s write, 0.00 GB read, 0.00 MB/s read, 0.0 seconds
Interval compaction: 0.00 GB write, 0.00 MB/s write, 0.00 GB read, 0.00 MB/s read, 0.0 seconds
Stalls(count): 0 level0_slowdown, 0 level0_slowdown_with_compaction, 0 level0_numfiles, 0 level0_numfiles_with_compaction, 0 stop for pending_compaction_bytes, 0 slowdown for pending_compaction_bytes, 0 memtable_compaction, 0 memtable_slowdown, interval 0 total count

** File Read Latency Histogram By Level [default] **
